{
  "graph": [
    [-1, 13, 25, 21, 22, 16, 1],
    [13, -1, 33, 22, 11, 1, 1],
    [25, 33, -1, 31, 15, 2, 1],
    [21, 22, 31, -1, 37, 13, 1],
    [22, 11, 15, 37, -1, 23, 1],
    [16, 1, 2, 13, 23, -1, 1],
    [1, 1, 1, 1, 1, 1, -1]
  ]
}